[1]
[2]
1

[9,10,1,7,0,2,1,4,1,7,0,11,0,11,0,0,9,11,11,2,0,5,5]
[3,19,1,14,0,4,1,8,2,7,0,13,0,13,0,0,2,2,13,1,0,3,7]
31

[[-1,1,-1,-1,-1,-1,-1,-1,1,-1,-1,-1,-1,1,1,-1,-1,-1,1,1,1,-1,-1,1,1,-1,-1,1,-1,-1,-1,-1,-1,-1,-1,-1,-1,1,-1,1,-1,-1,-1,-1,-1,-1,-1,1,-1,-1,1,-1,1,-1,-1,1,1,-1,1,-1,-1,-1,-1,1,1,1,1,1,1,-1,1,1,1,-1,1,1,1,-1,-1,-1,1,-1,1,-1,-1,1,1,-1,-1,1,-1,1,-1,1,1,1,-1,-1,-1,-1]]
[-1,-1,-1,2,3,4,5,6,-1,-1,9,10,11,14,-1,-1,15,16,19,20,-1,-1,21,24,-1,-1,25,-1,-1,28,29,30,31,32,33,34,35,-1,-1,-1,-1,40,41,42,43,44,45,-1,-1,48,-1,-1,-1,-1,53,56,-1,-1,-1,-1,59,60,61,64,65,66,67,68,-1,-1,71,72,-1,-1,75,76,-1,-1,77,78,-1,-1,-1,-1,83,86,-1,-1,87,-1,-1,-1,-1,94,95,-1,-1,96,97,98]


